# Time-averaged data for fix rdf
# TimeStep Number-of-rows
# Row c_gofr[1] c_gofr[2] c_gofr[3] c_gofr[4] c_gofr[5] c_gofr[6] c_gofr[7]
10000 500
1 0.015 0 0 0 0 0 0
2 0.045 0 0 0 0 0 0
3 0.075 0 0 0 0 0 0
4 0.105 0 0 0 0 0 0
5 0.135 0 0 0 0 0 0
6 0.165 0 0 0 0 0 0
7 0.195 0 0 0 0 0 0
8 0.225 0 0 0 0 0 0
9 0.255 0 0 0 0 0 0
10 0.285 0 0 0 0 0 0
11 0.315 0 0 0 0 0 0
12 0.345 0 0 0 0 0 0
13 0.375 0 0 0 0 0 0
14 0.405 0 0 0 0 0 0
15 0.435 0 0 0 0 0 0
16 0.465 0 0 0 0 0 0
17 0.495 0 0 0 0 0 0
18 0.525 0 0 0 0 0 0
19 0.555 0 0 0 0 0 0
20 0.585 0 0 0 0 0 0
21 0.615 0 0 0 0 0 0
22 0.645 0 0 0 0 0 0
23 0.675 0 0 0 0 0 0
24 0.705 0 0 0 0 0 0
25 0.735 0 0 0 0 0 0
26 0.765 0 0 0 0 0 0
27 0.795 0 0 0 0 0 0
28 0.825 0 0 0 0 0 0
29 0.855 0 0 0 0 0 0
30 0.885 0 0 0 0 0 0
31 0.915 0 0 0 0 0 0
32 0.945 0 0 0 0 0 0
33 0.975 0 0 0 0 0 0
34 1.005 0 0 0 0 0 0
35 1.035 0 0 0 0 0 0
36 1.065 0 0 0 0 0 0
37 1.095 0 0 0 0 0 0
38 1.125 0 0 0 0 0 0
39 1.155 0 0 0 0 0 0
40 1.185 0 0 0 0 0 0
41 1.215 0 0 0 0 0 0
42 1.245 0 0 0 0 0 0
43 1.275 0 0 0 0 0 0
44 1.305 0 0 0 0 0 0
45 1.335 0 0 0 0 0 0
46 1.365 0 0 0 0 0 0
47 1.395 0 0 0 0 0 0
48 1.425 0 0 0 0 0 0
49 1.455 0 0 0 0 0 0
50 1.485 0 0 0 0 1.83563e-06 1.07021e-08
51 1.515 9.09857e-07 1.07021e-07 0 0 7.5837e-05 4.7089e-07
52 1.545 4.54931e-06 6.63527e-07 0 0 0.000437523 3.23202e-06
53 1.575 1.61637e-05 2.71832e-06 0 0 0.00171506 1.44799e-05
54 1.605 9.89031e-05 1.57748e-05 0 0 0.00745634 6.52611e-05
55 1.635 0.000547312 9.07534e-05 0 0 0.0238271 0.000233658
56 1.665 0.00269082 0.000473031 0 0 0.0627637 0.000693664
57 1.695 0.0114329 0.00215634 5.47418e-05 4.14938e-07 0.141589 0.00176912
58 1.725 0.0380518 0.00795888 0.000317126 2.90456e-06 0.279798 0.00397027
59 1.755 0.105468 0.024606 0.00163401 1.61826e-05 0.486571 0.00793237
60 1.785 0.243818 0.0644173 0.00651564 7.09544e-05 0.767364 0.0143964
61 1.815 0.483165 0.145984 0.0417271 0.00043361 1.10568 0.024026
62 1.845 0.832367 0.291186 0.182593 0.00207344 1.46687 0.0372271
63 1.875 1.27733 0.521315 0.58063 0.00745892 1.82108 0.0541532
64 1.905 1.77332 0.851106 1.38409 0.0207108 2.13247 0.0746127
65 1.935 2.26561 1.28583 2.72288 0.0476083 2.37515 0.0981241
66 1.965 2.69199 1.8185 4.5246 0.0937004 2.53679 0.12402
67 1.995 3.01207 2.43285 6.36366 0.160522 2.62062 0.151595
68 2.025 3.20483 3.10631 7.98525 0.246911 2.62141 0.180014
69 2.055 3.26539 3.81299 9.17475 0.349132 2.54896 0.208472
70 2.085 3.21228 4.52862 9.85429 0.462152 2.43797 0.236492
71 2.115 3.06953 5.23227 9.90908 0.579095 2.29429 0.263625
72 2.145 2.86814 5.90853 9.47042 0.694055 2.12191 0.289436
73 2.175 2.62763 6.54554 8.7181 0.802863 1.94508 0.313762
74 2.205 2.37582 7.1375 7.76731 0.902497 1.76989 0.336512
75 2.235 2.12335 7.68104 6.80341 0.992157 1.60259 0.357676
76 2.265 1.88375 8.17629 5.86661 1.07156 1.44772 0.377312
77 2.295 1.66594 8.62595 4.97432 1.14068 1.30516 0.395486
78 2.325 1.46859 9.03278 4.20262 1.20062 1.17672 0.412302
79 2.355 1.29512 9.40087 3.54721 1.25252 1.06317 0.427891
80 2.385 1.14548 9.73477 3.00166 1.29757 0.965564 0.442411
81 2.415 1.016 10.0384 2.52879 1.33648 0.872378 0.455863
82 2.445 0.905034 10.3157 2.15548 1.37047 0.79563 0.468437
83 2.475 0.811698 10.5705 1.87773 1.40082 0.731495 0.480283
84 2.505 0.732147 10.8059 1.59381 1.42721 0.675543 0.49149
85 2.535 0.666351 11.0254 1.40041 1.45095 0.626883 0.502141
86 2.565 0.611916 11.2317 1.23403 1.47237 0.587713 0.512363
87 2.595 0.566183 11.4271 1.11278 1.49214 0.553278 0.522213
88 2.625 0.528146 11.6136 0.979548 1.50995 0.525483 0.531786
89 2.655 0.498422 11.7936 0.888347 1.52647 0.503849 0.541176
90 2.685 0.47425 11.9688 0.8469 1.54257 0.486438 0.550447
91 2.715 0.456773 12.1414 0.790906 1.55796 0.471606 0.559637
92 2.745 0.442598 12.3123 0.738041 1.57263 0.464521 0.568891
93 2.775 0.434162 12.4836 0.706893 1.58699 0.459313 0.578242
94 2.805 0.429628 12.6568 0.67922 1.60109 0.45724 0.587753
95 2.835 0.429431 12.8337 0.670126 1.6153 0.459704 0.597521
96 2.865 0.432095 13.0155 0.664999 1.6297 0.466786 0.60765
97 2.895 0.438103 13.2036 0.646278 1.64399 0.475397 0.618184
98 2.925 0.447523 13.3998 0.64842 1.65862 0.485429 0.629164
99 2.955 0.460092 13.6057 0.654197 1.6737 0.50119 0.640734
100 2.985 0.476458 13.8233 0.662719 1.68927 0.519595 0.652973
101 3.015 0.495666 14.0542 0.6951 1.70594 0.539752 0.665945
102 3.045 0.518345 14.3005 0.71387 1.72341 0.562308 0.679729
103 3.075 0.544858 14.5645 0.742939 1.74194 0.59068 0.694495
104 3.105 0.574407 14.8483 0.763791 1.76137 0.622053 0.71035
105 3.135 0.607678 15.1543 0.78861 1.78182 0.655455 0.727381
106 3.165 0.645088 15.4855 0.81617 1.80339 0.692769 0.745727
107 3.195 0.685366 15.844 0.856411 1.82645 0.732842 0.765505
108 3.225 0.729884 16.233 0.898031 1.85109 0.776126 0.786845
109 3.255 0.776885 16.6548 0.938215 1.87732 0.821591 0.809858
110 3.285 0.826686 17.112 0.969064 1.90491 0.866497 0.834579
111 3.315 0.878717 17.6068 1.01128 1.93423 0.913544 0.86112
112 3.345 0.931594 18.141 1.06531 1.96567 0.961177 0.889552
113 3.375 0.984653 18.7158 1.09352 1.99853 1.01029 0.919976
114 3.405 1.03734 19.3321 1.13844 2.03336 1.05323 0.952259
115 3.435 1.08756 19.9897 1.18514 2.07025 1.10011 0.986576
116 3.465 1.13575 20.6885 1.22114 2.10893 1.14411 1.02289
117 3.495 1.17973 21.427 1.24476 2.14904 1.18026 1.06101
118 3.525 1.21911 22.2032 1.27327 2.19078 1.21271 1.10084
119 3.555 1.25375 23.0152 1.28919 2.23377 1.2416 1.14233
120 3.585 1.28385 23.8608 1.2995 2.27783 1.26837 1.18542
121 3.615 1.30831 24.737 1.30633 2.32287 1.29002 1.22999
122 3.645 1.32831 25.6413 1.32342 2.36926 1.30815 1.27594
123 3.675 1.34281 26.5707 1.30932 2.41591 1.32038 1.32309
124 3.705 1.35373 27.523 1.31295 2.46346 1.33295 1.37146
125 3.735 1.36104 28.496 1.27648 2.51044 1.34085 1.42091
126 3.765 1.36476 29.4874 1.26679 2.55781 1.34569 1.47134
127 3.795 1.36565 30.4953 1.25242 2.6054 1.34727 1.52264
128 3.825 1.36463 31.5184 1.24546 2.65348 1.34779 1.57477
129 3.855 1.36186 32.5556 1.22791 2.70162 1.34283 1.62753
130 3.885 1.35597 33.6043 1.20037 2.74942 1.33367 1.68074
131 3.915 1.34652 34.662 1.18326 2.79726 1.32032 1.73425
132 3.945 1.33502 35.7267 1.16947 2.84528 1.30691 1.78802
133 3.975 1.31911 36.7948 1.14862 2.89316 1.28911 1.84187
134 4.005 1.301 37.8642 1.11741 2.94045 1.26782 1.89563
135 4.035 1.27867 38.931 1.0952 2.98749 1.24144 1.94907
136 4.065 1.25179 39.9911 1.06589 3.03396 1.21004 2.00193
137 4.095 1.22108 41.0404 1.04817 3.08033 1.17987 2.05423
138 4.125 1.1873 42.0757 1.01526 3.12591 1.14675 2.10582
139 4.155 1.15129 43.0942 0.972919 3.17022 1.11241 2.15659
140 4.185 1.11361 44.0937 0.94115 3.21371 1.07697 2.20646
141 4.215 1.0746 45.0721 0.908414 3.25629 1.03951 2.25528
142 4.245 1.035 46.0278 0.874419 3.29786 1.00089 2.30297
143 4.275 0.995307 46.96 0.843265 3.33852 0.966171 2.34965
144 4.305 0.956473 47.8684 0.82563 3.37889 0.933153 2.39537
145 4.335 0.918823 48.7532 0.789712 3.41804 0.902845 2.44022
146 4.365 0.883166 49.6155 0.770259 3.45676 0.870553 2.48407
147 4.395 0.850121 50.457 0.743927 3.49467 0.843502 2.52715
148 4.425 0.819787 51.2796 0.722203 3.53198 0.819004 2.56955
149 4.455 0.79269 52.0859 0.694774 3.56835 0.79567 2.61129
150 4.485 0.769276 52.8788 0.691703 3.60506 0.777734 2.65265
151 4.515 0.748819 53.6611 0.66573 3.64087 0.763187 2.69378
152 4.545 0.731905 54.4359 0.655547 3.67659 0.750639 2.73478
153 4.575 0.719197 55.2073 0.65214 3.7126 0.741868 2.77583
154 4.605 0.709804 55.9786 0.652252 3.7491 0.736419 2.81711
155 4.635 0.703845 56.7535 0.652064 3.78605 0.733286 2.85876
156 4.665 0.702224 57.5366 0.656164 3.82373 0.735558 2.90108
157 4.695 0.70411 58.332 0.659321 3.86207 0.740485 2.94423
158 4.725 0.709573 59.1438 0.662733 3.9011 0.747349 2.98834
159 4.755 0.718552 59.9764 0.680135 3.94167 0.757914 3.03365
160 4.785 0.731229 60.8344 0.691533 3.98345 0.77203 3.08038
161 4.815 0.746725 61.7215 0.704176 4.02652 0.787979 3.12868
162 4.845 0.765111 62.6419 0.729325 4.07169 0.807506 3.17879
163 4.875 0.786116 63.5993 0.750481 4.11874 0.828446 3.23084
164 4.905 0.809545 64.5974 0.761895 4.1671 0.851956 3.28503
165 4.935 0.836055 65.6409 0.776516 4.21699 0.877801 3.34155
166 4.965 0.864525 66.733 0.804503 4.26931 0.903042 3.4004
167 4.995 0.894274 67.8764 0.824742 4.3236 0.929076 3.46168
168 5.025 0.924183 69.0722 0.859291 4.38085 0.956891 3.52556
169 5.055 0.954905 70.3227 0.877588 4.44001 0.983052 3.59197
170 5.085 0.98541 71.6284 0.896448 4.50116 1.01333 3.66124
171 5.115 1.0155 72.9899 0.916285 4.56441 1.03905 3.73311
172 5.145 1.04455 74.4069 0.934667 4.62968 1.06569 3.80769
173 5.175 1.07211 75.8782 0.964002 4.69779 1.0897 3.88484
174 5.205 1.09805 77.4027 0.982129 4.76799 1.11066 3.96439
175 5.235 1.12219 78.9787 0.991616 4.83969 1.12912 4.0462
176 5.265 1.14361 80.6033 0.999724 4.9128 1.14731 4.13028
177 5.295 1.16217 82.273 1.00384 4.98705 1.16038 4.21629
178 5.325 1.17732 83.9838 1.01924 5.0633 1.1737 4.30428
179 5.355 1.18852 85.7304 1.03946 5.14194 1.18094 4.3938
180 5.385 1.19664 87.5086 1.04337 5.22176 1.18627 4.48475
181 5.415 1.20218 89.315 1.03721 5.302 1.19019 4.57701
182 5.445 1.20424 91.1447 1.03395 5.38287 1.19102 4.67036
183 5.475 1.20401 92.9941 1.03775 5.46494 1.18974 4.76465
184 5.505 1.20029 94.8582 1.03861 5.54798 1.18522 4.85961
185 5.535 1.1942 96.733 1.03277 5.63146 1.17949 4.95514
186 5.565 1.18658 98.6162 1.0192 5.71473 1.17123 5.05103
187 5.595 1.17634 100.503 1.01969 5.79894 1.16033 5.14706
188 5.625 1.16459 102.392 1.01459 5.88364 1.14819 5.2431
189 5.655 1.1518 104.279 1.00575 5.96849 1.13602 5.33915
190 5.685 1.1381 106.164 0.993485 6.0532 1.123 5.4351
191 5.715 1.12356 108.045 0.979817 6.13763 1.10941 5.5309
192 5.745 1.10815 109.919 0.974143 6.22245 1.09586 5.62652
193 5.775 1.09265 111.786 0.96054 6.30697 1.08238 5.72195
194 5.805 1.077 113.646 0.950441 6.39146 1.06934 5.81722
195 5.835 1.06196 115.499 0.949258 6.47673 1.05493 5.91217
196 5.865 1.04705 117.345 0.936993 6.56176 1.04047 6.00679
197 5.895 1.0326 119.184 0.918238 6.64595 1.0273 6.10117
198 5.925 1.01811 121.015 0.91214 6.73043 1.01345 6.19523
199 5.955 1.00372 122.839 0.902192 6.81484 1.00046 6.28902
200 5.985 0.990115 124.657 0.885789 6.89854 0.987372 6.38253
201 6.015 0.976914 126.468 0.87415 6.98198 0.976418 6.47592
202 6.045 0.963683 128.273 0.863963 7.06528 0.963281 6.56898
203 6.075 0.95118 130.071 0.865849 7.14958 0.951666 6.66183
204 6.105 0.938996 131.865 0.853398 7.23349 0.940228 6.75448
205 6.135 0.927976 133.655 0.84455 7.31736 0.929972 6.84702
206 6.165 0.917526 135.442 0.849175 7.40251 0.920235 6.93948
207 6.195 0.907576 137.227 0.841015 7.48766 0.911447 7.03196
208 6.225 0.898271 139.011 0.838619 7.57339 0.904066 7.12458
209 6.255 0.889973 140.795 0.833633 7.65944 0.896148 7.21727
210 6.285 0.8826 142.582 0.835707 7.74653 0.890457 7.31026
211 6.315 0.876299 144.372 0.829139 7.83377 0.885278 7.40359
212 6.345 0.87117 146.17 0.824434 7.92133 0.882465 7.49752
213 6.375 0.867666 147.977 0.828357 8.01015 0.880015 7.59207
214 6.405 0.865574 149.796 0.830288 8.10001 0.878251 7.68732
215 6.435 0.864695 151.631 0.834081 8.19113 0.879023 7.78355
216 6.465 0.865466 153.485 0.833884 8.28309 0.881965 7.88101
217 6.495 0.868304 155.362 0.848013 8.37746 0.88597 7.97982
218 6.525 0.872451 157.266 0.853687 8.47335 0.889883 8.07998
219 6.555 0.878138 159.199 0.855715 8.57036 0.896879 8.18186
220 6.585 0.885376 161.167 0.861037 8.66886 0.904521 8.28555
221 6.615 0.894519 163.173 0.872589 8.7696 0.913809 8.39127
222 6.645 0.904867 165.22 0.885241 8.87272 0.924687 8.49921
223 6.675 0.91673 167.313 0.891199 8.97748 0.93543 8.6094
224 6.705 0.929448 169.454 0.908532 9.08524 0.948033 8.72207
225 6.735 0.943124 171.647 0.917952 9.19509 0.961172 8.83734
226 6.765 0.958003 173.894 0.931094 9.30751 0.975004 8.9553
227 6.795 0.973119 176.196 0.94461 9.42258 0.989485 9.07609
228 6.825 0.988597 178.556 0.963812 9.54102 1.00304 9.19961
229 6.855 1.00391 180.973 0.977023 9.66215 1.0163 9.32586
230 6.885 1.01884 183.448 0.997173 9.78685 1.02938 9.45487
231 6.915 1.03406 185.982 1.00004 9.91301 1.04305 9.58672
232 6.945 1.04777 188.572 1.01933 10.0427 1.05555 9.72132
233 6.975 1.06091 191.217 1.02482 10.1743 1.06583 9.85841
234 7.005 1.07281 193.915 1.03709 10.3085 1.07579 9.99797
235 7.035 1.08328 196.662 1.04463 10.4449 1.08367 10.1398
236 7.065 1.09228 199.456 1.05306 10.5836 1.09103 10.2837
237 7.095 1.09969 202.293 1.05906 10.7242 1.09603 10.4296
238 7.125 1.10564 205.169 1.0602 10.8662 1.1006 10.5773
239 7.155 1.10969 208.08 1.06278 11.0098 1.10357 10.7267
240 7.185 1.11214 211.023 1.06458 11.1548 1.1044 10.8774
241 7.215 1.11271 213.991 1.06596 11.3012 1.10403 11.0293
242 7.245 1.11134 216.98 1.0696 11.4493 1.10049 11.182
243 7.275 1.10935 219.989 1.06461 11.5979 1.0978 11.3356
244 7.305 1.10581 223.013 1.06484 11.7478 1.09362 11.4899
245 7.335 1.10076 226.048 1.05917 11.8982 1.08941 11.6449
246 7.365 1.09464 229.091 1.04815 12.0482 1.08389 11.8003
247 7.395 1.08737 232.138 1.0409 12.1984 1.07697 11.956
248 7.425 1.07928 235.187 1.03625 12.3491 1.06857 12.1118
249 7.455 1.07028 238.235 1.02606 12.4995 1.06005 12.2675
250 7.485 1.06138 241.283 1.0168 12.6498 1.05118 12.4232
251 7.515 1.05201 244.327 1.01079 12.8004 1.04286 12.5789
252 7.545 1.04225 247.368 1.00916 12.952 1.03288 12.7344
253 7.575 1.03203 250.402 0.996383 13.1028 1.02385 12.8897
254 7.605 1.02248 253.433 0.99198 13.2542 1.01461 13.0448
255 7.635 1.01231 256.457 0.98624 13.4059 1.00551 13.1998
256 7.665 1.00256 259.475 0.976746 13.5573 0.997392 13.3547
257 7.695 0.993759 262.491 0.972883 13.7092 0.988681 13.5095
258 7.725 0.984967 265.503 0.96838 13.8617 0.97994 13.6641
259 7.755 0.976631 268.513 0.954803 14.0132 0.973767 13.8189
260 7.785 0.96842 271.521 0.949244 14.165 0.967179 13.9739
261 7.815 0.961492 274.53 0.945578 14.3173 0.960385 14.1289
262 7.845 0.955121 277.542 0.9379 14.4696 0.954096 14.2842
263 7.875 0.949008 280.558 0.933735 14.6224 0.950393 14.44
264 7.905 0.943875 283.581 0.938037 14.777 0.94563 14.5962
265 7.935 0.939189 286.611 0.935839 14.9325 0.941595 14.7529
266 7.965 0.935505 289.652 0.933781 15.0888 0.938746 14.9104
267 7.995 0.932342 292.706 0.938592 15.2471 0.936347 15.0686
268 8.025 0.930089 295.776 0.935158 15.4059 0.934772 15.2278
269 8.055 0.92825 298.862 0.931528 15.5654 0.933463 15.3879
270 8.085 0.927344 301.969 0.929907 15.7258 0.933672 15.5492
271 8.115 0.927315 305.098 0.937343 15.8886 0.934683 15.712
272 8.145 0.928123 308.253 0.938263 16.0528 0.935666 15.8761
273 8.175 0.929606 311.437 0.939689 16.2185 0.938381 16.0419
274 8.205 0.931728 314.651 0.941946 16.3858 0.941045 16.2094
275 8.235 0.934437 317.899 0.947218 16.5553 0.943756 16.3786
276 8.265 0.938105 321.183 0.947568 16.7261 0.946835 16.5496
277 8.295 0.942445 324.506 0.954478 16.8993 0.951095 16.7226
278 8.325 0.947239 327.87 0.956278 17.0742 0.95676 16.8979
279 8.355 0.952298 331.277 0.961204 17.2512 0.962514 17.0755
280 8.385 0.957841 334.728 0.968185 17.4308 0.966785 17.2552
281 8.415 0.964089 338.226 0.975416 17.613 0.973454 17.4374
282 8.445 0.970574 341.773 0.978027 17.797 0.978857 17.622
283 8.475 0.977306 345.371 0.98142 17.983 0.985042 17.809
284 8.505 0.984468 349.02 0.989385 18.1718 0.992457 17.9988
285 8.535 0.991563 352.721 0.998564 18.3637 0.998529 18.1911
286 8.565 0.999238 356.478 1.00184 18.5576 1.00444 18.3859
287 8.595 1.00666 360.289 1.00175 18.7528 1.01171 18.5835
288 8.625 1.01362 364.153 1.01021 18.9511 1.01909 18.7839
289 8.655 1.02073 368.071 1.01846 19.1524 1.02422 18.9868
290 8.685 1.027 372.041 1.02342 19.356 1.02979 19.1921
291 8.715 1.03349 376.064 1.0303 19.5625 1.03516 19.4
292 8.745 1.03925 380.136 1.03958 19.7722 1.04035 19.6103
293 8.775 1.04445 384.258 1.04077 19.9837 1.04376 19.8228
294 8.805 1.04906 388.426 1.04086 20.1966 1.04702 20.0374
295 8.835 1.053 392.638 1.04752 20.4123 1.05037 20.2542
296 8.865 1.05583 396.89 1.04899 20.6298 1.05251 20.4728
297 8.895 1.0579 401.179 1.04793 20.8485 1.05402 20.6933
298 8.925 1.05939 405.504 1.05301 21.0698 1.05412 20.9153
299 8.955 1.05976 409.859 1.05519 21.2931 1.05501 21.139
300 8.985 1.05974 414.243 1.04757 21.5162 1.05398 21.3639
301 9.015 1.05865 418.652 1.04542 21.7403 1.05233 21.59
302 9.045 1.05747 423.085 1.04283 21.9654 1.05098 21.8173
303 9.075 1.05512 427.538 1.042 22.1918 1.04788 22.0455
304 9.105 1.05188 432.007 1.03758 22.4187 1.04466 22.2744
305 9.135 1.04828 436.49 1.0318 22.6459 1.04117 22.5041
306 9.165 1.04454 440.986 1.02956 22.874 1.03705 22.7344
307 9.195 1.03993 445.492 1.02427 23.1025 1.03209 22.9651
308 9.225 1.03488 450.005 1.01728 23.3309 1.02776 23.1963
309 9.255 1.02931 454.523 1.01449 23.5602 1.02348 23.4281
310 9.285 1.02376 459.046 1.00698 23.7892 1.01814 23.6602
311 9.315 1.01883 463.576 1.00114 24.0184 1.01298 23.8925
312 9.345 1.01343 468.111 0.997691 24.2482 1.00737 24.1251
313 9.375 1.00767 472.65 0.992021 24.4783 1.00298 24.3582
314 9.405 1.00172 477.19 0.984762 24.7081 0.996751 24.5912
315 9.435 0.996081 481.734 0.981664 24.9386 0.992258 24.8248
316 9.465 0.990871 486.283 0.978093 25.1698 0.988193 25.0588
317 9.495 0.985807 490.838 0.97379 25.4014 0.983541 25.2932
318 9.525 0.980595 495.397 0.972452 25.6342 0.979282 25.5281
319 9.555 0.976123 499.964 0.97056 25.8679 0.976243 25.7637
320 9.585 0.971965 504.54 0.967268 26.1024 0.971652 25.9997
321 9.615 0.968216 509.127 0.963368 26.3374 0.969564 26.2367
322 9.645 0.964991 513.727 0.956395 26.5721 0.966283 26.4744
323 9.675 0.962131 518.342 0.957836 26.8086 0.964195 26.713
324 9.705 0.959872 522.975 0.95561 27.0461 0.963298 26.9528
325 9.735 0.958213 527.629 0.953421 27.2845 0.961347 27.1937
326 9.765 0.956946 532.305 0.948996 27.5232 0.960484 27.4358
327 9.795 0.955986 537.005 0.9544 27.7648 0.960462 27.6794
328 9.825 0.955831 541.733 0.953337 28.0076 0.961083 27.9247
329 9.855 0.956531 546.494 0.953216 28.2518 0.962037 28.1717
330 9.885 0.957236 551.287 0.960694 28.4995 0.963492 28.4206
331 9.915 0.958533 556.116 0.961266 28.7488 0.963876 28.6711
332 9.945 0.960215 560.983 0.960801 28.9995 0.966335 28.9238
333 9.975 0.962426 565.89 0.956435 29.2505 0.968654 29.1786
334 10.005 0.964797 570.839 0.961232 29.5044 0.971418 29.4357
335 10.035 0.967763 575.833 0.964043 29.7605 0.974141 29.695
336 10.065 0.970665 580.872 0.96876 30.0194 0.976549 29.9566
337 10.095 0.974403 585.961 0.976707 30.282 0.980697 30.2208
338 10.125 0.978513 591.102 0.976081 30.546 0.984292 30.4875
339 10.155 0.982678 596.295 0.976936 30.8118 0.988353 30.757
340 10.185 0.986775 601.54 0.980492 31.0801 0.992392 31.0292
341 10.215 0.991062 606.84 0.984773 31.3512 0.996307 31.304
342 10.245 0.995531 612.195 0.98528 31.6241 1.00006 31.5815
343 10.275 0.999697 617.603 0.989904 31.8998 1.00316 31.8615
344 10.305 1.00399 623.067 0.998072 32.1794 1.00662 32.1441
345 10.335 1.00833 628.586 1.00673 32.4631 1.00992 32.4293
346 10.365 1.01217 634.159 1.00757 32.7487 1.01348 32.7171
347 10.395 1.01562 639.782 1.0111 33.0369 1.01623 33.0074
348 10.425 1.01902 645.458 1.01177 33.327 1.01935 33.3003
349 10.455 1.02199 651.182 1.02173 33.6217 1.02222 33.5957
350 10.485 1.02491 656.956 1.0213 33.9179 1.02473 33.8935
351 10.515 1.02729 662.777 1.02463 34.2168 1.02715 34.1938
352 10.545 1.0291 668.641 1.02762 34.5182 1.02863 34.4962
353 10.575 1.03102 674.55 1.0261 34.821 1.02922 34.8005
354 10.605 1.03224 680.499 1.0251 35.1251 1.03017 35.1068
355 10.635 1.03315 686.487 1.02385 35.4306 1.03129 35.4151
356 10.665 1.03363 692.512 1.02095 35.737 1.03123 35.7252
357 10.695 1.0339 698.572 1.02157 36.0453 1.03041 36.0368
358 10.725 1.0336 704.665 1.01963 36.3547 1.03025 36.3501
359 10.755 1.03278 710.787 1.0182 36.6654 1.02926 36.6649
360 10.785 1.03173 716.936 1.01625 36.9773 1.02853 36.9811
361 10.815 1.0302 723.111 1.01761 37.2913 1.02673 37.2986
362 10.845 1.02875 729.312 1.01705 37.6069 1.02429 37.6171
363 10.875 1.02623 735.531 1.01654 37.924 1.02224 37.9367
364 10.905 1.02407 741.772 1.01327 38.2419 1.02015 38.2575
365 10.935 1.02143 748.031 1.01178 38.5611 1.01799 38.5793
366 10.965 1.01891 754.309 1.01214 38.8822 1.01509 38.9019
367 10.995 1.01589 760.602 1.00814 39.2037 1.01283 39.2256
368 11.025 1.01261 766.91 1.00517 39.526 1.00994 39.5502
369 11.055 1.00946 773.232 1.00434 39.8499 1.00658 39.8754
370 11.085 1.00625 779.568 0.999952 40.174 1.00342 40.2013
371 11.115 1.00295 785.918 0.996602 40.4989 1.00024 40.528
372 11.145 0.999997 792.283 0.993216 40.8243 0.997802 40.8557
373 11.175 0.996579 798.661 0.994726 41.1521 0.994716 41.1841
374 11.205 0.993472 805.053 0.997065 41.4823 0.991918 41.5133
375 11.235 0.990508 811.46 0.993556 41.8132 0.99003 41.8437
376 11.265 0.987885 817.884 0.991545 42.1452 0.987826 42.1751
377 11.295 0.985179 824.325 0.989 42.478 0.985015 42.5073
378 11.325 0.98251 830.782 0.984337 42.8111 0.982741 42.8406
379 11.355 0.980802 837.263 0.982459 43.1453 0.980632 43.1748
380 11.385 0.979092 843.766 0.980039 43.4804 0.978889 43.5103
381 11.415 0.977318 850.292 0.974867 43.8156 0.97697 43.8468
382 11.445 0.97607 856.844 0.976244 44.1529 0.976548 44.185
383 11.475 0.975167 863.424 0.976074 44.492 0.976085 44.5248
384 11.505 0.974316 870.033 0.973922 44.8321 0.976271 44.8664
385 11.535 0.974083 876.675 0.977457 45.1752 0.975466 45.2096
386 11.565 0.973835 883.35 0.979434 45.5208 0.975714 45.5546
387 11.595 0.973921 890.06 0.980217 45.8685 0.976755 45.9017
388 11.625 0.974699 896.81 0.979004 46.2176 0.977347 46.2509
389 11.655 0.975598 903.601 0.97986 46.5687 0.978306 46.6022
390 11.685 0.97657 910.434 0.97997 46.9217 0.979995 46.956
391 11.715 0.977917 917.312 0.986086 47.2788 0.981379 47.3121
392 11.745 0.979481 924.236 0.985249 47.6373 0.983494 47.6707
393 11.775 0.981625 931.21 0.990088 47.9995 0.98481 48.0317
394 11.805 0.983844 938.236 0.9918 48.3641 0.987548 48.3955
395 11.835 0.985936 945.313 0.992074 48.7307 0.989844 48.7621
396 11.865 0.988171 952.442 0.995176 49.1004 0.991182 49.131
397 11.895 0.990675 959.625 0.994337 49.4715 0.99355 49.5026
398 11.925 0.993233 966.863 0.999753 49.8466 0.995816 49.877
399 11.955 0.995973 974.158 1.00417 50.2252 0.998274 50.2542
400 11.985 0.9986 981.509 1.00632 50.6066 1.0005 50.6341
401 12.015 1.00115 988.915 1.00714 50.9902 1.00318 51.017
402 12.045 1.00386 996.378 1.01035 51.3769 1.00559 51.4027
403 12.075 1.00627 1003.9 1.0115 51.766 1.00739 51.791
404 12.105 1.00861 1011.47 1.01196 52.1572 1.00954 52.1821
405 12.135 1.01068 1019.1 1.00976 52.5495 1.01133 52.5758
406 12.165 1.01275 1026.78 1.01052 52.944 1.01323 52.9722
407 12.195 1.0144 1034.51 1.01294 53.3414 1.01434 53.371
408 12.225 1.01589 1042.29 1.0154 53.7418 1.01605 53.7725
409 12.255 1.01742 1050.12 1.01356 54.1434 1.0168 54.1762
410 12.285 1.01858 1058 1.01375 54.547 1.01783 54.5823
411 12.315 1.01947 1065.92 1.01383 54.9527 1.01801 54.9905
412 12.345 1.02003 1073.89 1.01355 55.3602 1.01843 55.4008
413 12.375 1.0205 1081.9 1.01262 55.7693 1.01883 55.8133
414 12.405 1.02063 1089.94 1.01147 56.1799 1.01852 56.2277
415 12.435 1.02042 1098.03 1.01264 56.5931 1.01867 56.6441
416 12.465 1.02015 1106.15 1.01035 57.0072 1.01875 57.0626
417 12.495 1.01948 1114.31 1.00656 57.4218 1.01804 57.4828
418 12.525 1.01851 1122.5 1.00307 57.837 1.01742 57.9047
419 12.555 1.01752 1130.72 1.00265 58.2539 1.01655 58.3283
420 12.585 1.01632 1138.96 1.00412 58.6735 1.01519 58.7534
421 12.615 1.01494 1147.24 1.00252 59.0944 1.01334 59.1797
422 12.645 1.01344 1155.55 0.996215 59.5146 1.01163 59.6074
423 12.675 1.01185 1163.88 0.992766 59.9354 1.01015 60.0364
424 12.705 1.01012 1172.23 0.988388 60.3563 1.00894 60.467
425 12.735 1.00846 1180.61 0.988317 60.7792 1.00684 60.8987
426 12.765 1.00643 1189.02 0.985416 61.2028 1.00494 61.3316
427 12.795 1.00457 1197.45 0.982989 61.6274 1.00322 61.7658
428 12.825 1.00261 1205.9 0.980929 62.053 1.00147 62.2013
429 12.855 1.00069 1214.37 0.978026 62.4794 0.99996 62.6381
430 12.885 0.998949 1222.87 0.975282 62.9066 0.998272 63.0763
431 12.915 0.99698 1231.39 0.972563 63.3346 0.997172 63.516
432 12.945 0.995046 1239.94 0.971315 63.764 0.995566 63.957
433 12.975 0.993698 1248.51 0.972602 64.196 0.994108 64.3995
434 13.005 0.991963 1257.11 0.971296 64.6294 0.992416 64.8432
435 13.035 0.990257 1265.73 0.970571 65.0645 0.991049 65.2884
436 13.065 0.98899 1274.38 0.966659 65.4998 0.990395 65.7353
437 13.095 0.987788 1283.06 0.967842 65.9376 0.989621 66.184
438 13.125 0.986467 1291.77 0.96833 66.3777 0.988721 66.6343
439 13.155 0.985639 1300.51 0.967088 66.8192 0.987689 67.0861
440 13.185 0.985031 1309.28 0.967934 67.2632 0.987249 67.5399
441 13.215 0.984549 1318.1 0.966827 67.7086 0.987148 67.9956
442 13.245 0.984068 1326.94 0.964048 68.1548 0.987107 68.4534
443 13.275 0.983956 1335.83 0.965858 68.6039 0.987495 68.9135
444 13.305 0.984065 1344.75 0.966881 69.0554 0.986708 69.3753
445 13.335 0.984445 1353.73 0.97119 69.511 0.986835 69.8392
446 13.365 0.984617 1362.74 0.971187 69.9687 0.987807 70.3057
447 13.395 0.985409 1371.8 0.971564 70.4286 0.987897 70.7743
448 13.425 0.986142 1380.91 0.973964 70.8917 0.988829 71.2454
449 13.455 0.987207 1390.07 0.975068 71.3574 0.989912 71.7192
450 13.485 0.988211 1399.27 0.974219 71.8248 0.991123 72.1957
451 13.515 0.989395 1408.54 0.976987 72.2956 0.991436 72.6745
452 13.545 0.990725 1417.85 0.979439 72.7697 0.992496 73.1559
453 13.575 0.992142 1427.22 0.981318 73.2468 0.994494 73.6404
454 13.605 0.9936 1436.64 0.98076 73.7257 0.996359 74.1279
455 13.635 0.994962 1446.12 0.985004 74.2089 0.998166 74.6185
456 13.665 0.996607 1455.66 0.986043 74.6946 0.999346 75.1119
457 13.695 0.998259 1465.25 0.987011 75.183 1.00008 75.6077
458 13.725 0.999812 1474.91 0.987582 75.6738 1.00216 76.1068
459 13.755 1.00142 1484.62 0.988584 76.1673 1.0033 76.6087
460 13.785 1.00316 1494.38 0.990592 76.6639 1.00473 77.1134
461 13.815 1.00467 1504.21 0.991248 77.163 1.00591 77.621
462 13.845 1.00607 1514.09 0.989843 77.6636 1.00687 78.1312
463 13.875 1.00726 1524.03 0.992292 78.1676 1.00829 78.6444
464 13.905 1.00825 1534.02 0.992784 78.674 1.00905 79.1602
465 13.935 1.00949 1544.07 0.993654 79.183 1.01059 79.679
466 13.965 1.01034 1554.16 0.988507 79.6916 1.0116 80.2006
467 13.995 1.01119 1564.31 0.993513 80.205 1.01213 80.7246
468 14.025 1.01175 1574.51 0.992809 80.7202 1.0126 81.2512
469 14.055 1.01219 1584.76 0.989778 81.236 1.01265 81.7801
470 14.085 1.0125 1595.05 0.98826 81.7533 1.01271 82.3112
471 14.115 1.0127 1605.39 0.987729 82.2725 1.01295 82.8447
472 14.145 1.01285 1615.77 0.985344 82.7926 1.01281 83.3805
473 14.175 1.01278 1626.2 0.984568 83.3145 1.01256 83.9184
474 14.205 1.01246 1636.67 0.987052 83.84 1.0123 84.4584
475 14.235 1.01211 1647.18 0.983831 84.3659 1.01161 85.0003
476 14.265 1.01156 1657.73 0.984008 84.8942 1.01128 85.5443
477 14.295 1.01079 1668.32 0.984351 85.4249 1.0104 86.0902
478 14.325 1.00985 1678.93 0.984505 85.9579 1.00954 86.6379
479 14.355 1.00882 1689.59 0.98492 86.4933 1.00835 87.1872
480 14.385 1.0079 1700.28 0.984664 87.0309 1.00787 87.7386
481 14.415 1.00709 1711 0.983013 87.5698 1.00714 88.2918
482 14.445 1.00573 1721.75 0.983306 88.1111 1.00599 88.8468
483 14.475 1.00468 1732.54 0.981221 88.6535 1.0044 89.4031
484 14.505 1.00334 1743.36 0.981575 89.1983 1.00304 89.9611
485 14.535 1.00215 1754.21 0.981446 89.7453 1.00198 90.5207
486 14.565 1.00081 1765.09 0.985277 90.2968 1.0011 91.0822
487 14.595 0.999708 1776 0.983423 90.8494 0.999577 91.6451
488 14.625 0.998416 1786.95 0.982833 91.404 0.998149 92.2095
489 14.655 0.997029 1797.92 0.982597 91.9608 0.997538 92.7759
490 14.685 0.995866 1808.92 0.983452 92.5203 0.996057 93.3437
491 14.715 0.994826 1819.96 0.981938 93.0812 0.995189 93.9134
492 14.745 0.994036 1831.04 0.983134 93.6452 0.994695 94.4852
493 14.775 0.993147 1842.15 0.984402 94.2121 0.993577 95.0586
494 14.805 0.992499 1853.3 0.984245 94.7813 0.993296 95.6342
495 14.835 0.991739 1864.48 0.987858 95.3548 0.992805 96.2118
496 14.865 0.991149 1875.7 0.986943 95.9302 0.992749 96.7918
497 14.895 0.990765 1886.97 0.984521 96.5064 0.991408 97.3733
498 14.925 0.990365 1898.27 0.981863 97.0835 0.991856 97.9574
499 14.955 0.990231 1909.62 0.985642 97.665 0.991492 98.5436
500 14.985 0.990204 1921.02 0.9866 98.2495 0.991852 99.1324
