0.02521
0.012555
0.028065
0.023096
0.022792000000000003
0.023045000000000003
0.02294
0.021401000000000003
0.029467
0.024519
0.024803
0.021003
0.035678
0.022119999999999997
0.023042000000000003
0.020028
0.017238
0.036166
0.010943999999999999
0.026794
0.022062
0.018488
0.021734000000000003
0.023764000000000004
0.020954
0.022426
0.023122
0.023600000000000003
0.022418999999999998
0.021305
0.013261
0.023219
0.018486
0.019336
0.016788
0.019677
0.033209
0.020470999999999996
0.028378999999999998
0.034089
0.024453000000000003
0.018503000000000002
0.024637000000000003
0.017936
0.018259
0.015018000000000002
0.018994999999999998
0.017756
0.025725
0.027982
