0.634178
0.74429
0.321426
0.6837240000000001
0.698431
0.872495
0.767156
0.38549500000000003
0.42622899999999997
0.025037
0.317958
0.041514
0.068589
0.5997870000000001
0.075417
0.668165
0.535351
0.31973399999999996
0.508593
0.025234000000000003
0.49259400000000003
0.039658
0.46597000000000005
0.036798000000000004
0.6987770000000001
0.559093
0.23839500000000002
0.073551
0.025545
0.2873
0.06016500000000001
0.707781
0.020246000000000004
0.041466
0.693986
0.8891319999999999
0.020487000000000002
0.487465
0.511143
0.043427
0.026799999999999997
0.297526
0.477772
0.026088999999999998
0.431973
0.6313909999999999
0.447676
0.692409
0.5819120000000001
0.023180999999999997