0.045639000000000006
0.057288
0.038502
0.092712
0.058932000000000005
0.055205
0.044165
0.08779200000000001
0.046929000000000005
0.040952
0.051462999999999995
0.065572
0.041372
0.04616
0.7562430000000001
0.063186
0.041277
0.06494799999999999
0.054125
0.052013000000000004
0.05636
0.06014400000000001
0.054715999999999994
0.056295000000000005
0.07012900000000001
0.068081
0.051623999999999996
0.075924
0.06497499999999999
0.062289000000000004
0.037049
0.034102
0.062154
0.038863999999999996
0.062622
0.05169
0.087356
0.025833
0.052223
0.06674
0.073423
0.044497
0.075667
0.070063
0.041676000000000005
0.08759900000000001
0.037003999999999995
0.068653
0.043082999999999996
0.062093
